0.6443428
0.3660116
0.2459208
-0.5230892
-0.2748758
-0.1669878
0.5257142
-0.3294838
-0.6406107
-0.5438838
0.597912
0.5646607
0.3794934
0.1404906
0.400891
0.6688995
-0.2521342
-0.3007392
-0.4935742
0.451804
0.1097947
-0.3526978
-0.3760617
0.3107361
0.4924957
-0.06425753
0.3129965
0.507915
0.6589662
-0.09180126
0.4976066
0.2489494
0.1798981
0.401965
-0.1806797
0.4876635
0.06407615
-0.3846787
0.6869515
-0.2194376
-0.3461261
-0.1572895
-0.01629945
-0.3365373
0.05636713
-0.1489232
0.3178126
-0.6089796
-0.2907346
0.5289769
-0.4352731
0.3234656
0.495926
-0.1294179
0.4828016
-0.6767748
-0.4659066
0.06336769
-0.3693626
-0.4719924
0.1613405
-0.07173151
0.34004
-0.2686819
0.6815816
-0.2372651
-0.6024169
0.3015575
-0.553298
-0.6112429
0.1525511
0.4635387
0.09437957
-0.2379601
0.2898905
0.05841854
-0.5259061
-0.4289244
0.3985786
0.2401214
-0.6381367
0.5573623
-0.09216853
0.5624678
0.6392144
-0.662482
-0.05746314
-0.5444383
0.01879782
-0.4060373
0.6159189
0.5547427
0.2376444
-0.3971885
0.01499893
-0.07042668
-0.5496486
-0.6629417
-0.6360838
-0.6884421
-0.2121878
0.6128952
-0.6324428
0.5025979
0.5577708
-0.546132
-0.1246206
-0.3878271
0.5599972
-0.4424703
0.08019139
0.6785063
-0.1214862
-0.2686569
-0.3859373
0.604027
-0.4543073
0.5152374
0.5714962
0.05977977
0.6619316
0.6543401
0.1501619
-0.4041008
-0.3988858
-0.1442824
-0.5131401
-0.2288598
-0.6724216
0.5322396
0.6367995
-0.2597174
-0.0494147
-0.02274326
-0.2613573
0.1705206
0.1671377
0.4502066
45.77208
1.41511
-70.78408
-132.5665
20.79188
-115.8779
-1.053381
0.4938651
19.3367
0.06787541
10.37442
3.913946
194.7207
-61.99417
4.05386
0.3857557
4.322865
-18.66207
-95.22895
-12.26163
-0.3583742
0.1283847
0.4732309
-110.7866
-19.60647
-1.819538
0.2006572
24.57602
-14.0385
60.00454
11.02075
-0.07604283
-72.98158
-8.650716
0.2875077
0.4302185
-2.553951
0.5202351
-8.473487
-51.40123
-91.97827
-60.928
-0.5414407
0.2286418
0.2802058
128.5502
-0.5910515
0.3853707
0.2700889
0.2741319
-1.596671
-97.50064
-57.97338
-2.449209
-0.05288836
-0.3226604
22.12622
0.04590342
-48.17693
1.901933
-17.45986
-55.45586
-28.92979
-2.037103
-129.3465
-5.175899
-131.5715
-57.50203
-114.7235
-1.517432
0.5342276
0.4457663
2.646255
1.883716
-0.6753039
-0.05453694
-3.654554
